273481965916275438548693127859347612367512849124968753431829576685734291792156384
534819267728564139196723584312498675867352941459671328685937412273145896941286753
718469325526387941934512867187643592245798613369125784693271458451836279872954136
623158974189472653745963281314725869268394715957681342592816437476539128831247596
897451623632987415415236987749325861163798254258164379584613792976542138321879546
651342897874569312923871456562718943419253678387496125798135264135624789246987531
786534192329178546541296873613729458295843761478615329937461285152987634864352917
273481965916275438548693127859347612367512849124968753431829576685734291792156384
534819267728564139196723584312498675867352941459671328685937412273145896941286753
718469325526387941934512867187643592245798613369125784693271458451836279872954136
623158974189472653745963281314725869268394715957681342592816437476539128831247596
897451623632987415415236987749325861163798254258164379584613792976542138321879546
651342897874569312923871456562718943419253678387496125798135264135624789246987531
786534192329178546541296873613729458295843761478615329937461285152987634864352917
273481965916275438548693127859347612367512849124968753431829576685734291792156384
534819267728564139196723584312498675867352941459671328685937412273145896941286753
718469325526387941934512867187643592245798613369125784693271458451836279872954136
623158974189472653745963281314725869268394715957681342592816437476539128831247596
897451623632987415415236987749325861163798254258164379584613792976542138321879546
651342897874569312923871456562718943419253678387496125798135264135624789246987531
786534192329178546541296873613729458295843761478615329937461285152987634864352917
